[[234 270]
 [217 279]]
[[236 278]
 [233 253]]
[[229 257]
 [257 257]]
[[242 257]
 [236 265]]
[[231 291]
 [229 249]]
[[256 258]
 [217 269]]
[[265 271]
 [209 255]]
[[236 252]
 [228 284]]
[[233 261]
 [229 277]]
[[462 533]
 [479 526]]
[[255 280]
 [212 253]]
[[250 255]
 [237 258]]
[[239 267]
 [218 276]]
[[264 287]
 [210 239]]
[[233 270]
 [231 266]]
[[268 250]
 [205 277]]
[[256 276]
 [216 252]]
[[252 258]
 [213 277]]
[[240 274]
 [217 269]]
[[238 263]
 [237 262]]
[[240 271]
 [234 255]]
[[230 258]
 [230 282]]
[[236 274]
 [227 263]]
[[245 275]
 [212 268]]
[[251 240]
 [244 265]]
[[234 264]
 [227 275]]
[[247 270]
 [221 262]]
[[235 264]
 [230 271]]
[[234 252]
 [250 264]]
[[226 266]
 [224 284]]
[[248 274]
 [205 273]]
[[265 235]
 [235 265]]
[[235 265]
 [234 266]]
[[256 248]
 [209 287]]
[[228 267]
 [238 267]]
[[222 289]
 [239 250]]
[[221 301]
 [235 243]]
[[238 256]
 [246 260]]
[[247 264]
 [215 274]]
[[225 257]
 [239 279]]
[[238 261]
 [237 264]]
[[227 259]
 [236 278]]
[[238 258]
 [240 264]]
[[243 273]
 [238 246]]
[[274 264]
 [210 252]]
[[243 242]
 [219 296]]
[[232 263]
 [238 267]]
[[229 263]
 [228 280]]
[[238 267]
 [236 259]]
[[222 270]
 [245 263]]
[[254 244]
 [243 259]]
[[222 282]
 [237 259]]
[[240 249]
 [255 256]]
[[260 249]
 [218 273]]
[[232 269]
 [229 270]]
[[231 266]
 [244 259]]
[[247 251]
 [231 271]]
[[231 258]
 [235 276]]
[[216 277]
 [256 251]]
[[228 270]
 [235 267]]
[[244 252]
 [227 277]]
[[231 272]
 [232 265]]
[[209 256]
 [251 284]]
[[245 262]
 [234 259]]
[[251 258]
 [236 255]]
[[245 276]
 [221 258]]
[[240 267]
 [237 256]]
[[233 278]
 [212 277]]
[[231 255]
 [229 285]]
[[223 277]
 [240 260]]
[[233 248]
 [230 289]]
[[224 269]
 [255 252]]
[[241 259]
 [225 275]]
[[229 260]
 [246 265]]
[[243 269]
 [261 227]]
[[264 226]
 [230 280]]
[[241 248]
 [234 277]]
[[208 279]
 [242 271]]
[[258 231]
 [219 292]]
