0.5118361482001053
0.488608971992906
0.486
0.5067617549683783
0.4794194919153806
0.5247467822061929
0.5202976297629761
0.5194457630380396
0.5093087417239777
0.49356236786469343
0.5080669122676491
0.5079291474654378
0.5141194895812367
0.5039573233270794
0.4983545100614569
0.5448157100725158
0.5081180818893103
0.5284697936210132
0.5081876938505283
0.4996878201844262
0.4947196619239328
0.5112875455230945
0.4983637671862788
0.512293963506695
0.5160271093134254
0.5082538988038894
0.5086390337826011
0.5053945593489162
0.49796985286758083
0.508802331041624
0.5201732082551594
0.53
0.5005199997197307
0.5424469555242588
0.4944279749498988
0.4712602200124898
0.4632213511339488
0.4978895065211562
0.5203658206832781
0.5035164780499938
0.5016890377895458
0.5044178508300089
0.5017667783421593
0.4889463445171006
0.5265633846781842
0.5384364580105516
0.4985610873319816
0.5081212794478439
0.49667240252951556
0.4844712361479648
0.5129975649391234
0.4801346803774367
0.4960483963894757
0.5328117671886549
0.501241945369113
0.48968559350530816
0.517768506659836
0.506488709637015
0.46660776451152663
0.49430962493953307
0.5206043941852677
0.4953137667143218
0.49280879949717166
0.5038055298838572
0.5059565273044369
0.502644584934854
0.49575801805262143
0.5085742798057039
0.515318476677993
0.4822912567304641
0.5215166602465331
0.4757944308337736
0.5154398484648255
0.4937446450599978
0.4700678573714871
0.5440291914730171
0.5177567567567568
0.4777807096365475
0.5498161875127646
