0.5135644651230418
0.4902032452748365
0.486
0.5069708796229501
0.48254589371980683
0.5262623811032973
0.5246054130368516
0.5194904786412764
0.5096626917073014
0.4938453456482014
0.5128529474390444
0.5081876148276234
0.5157197432208616
0.510899383934158
0.49922957411219765
0.5468440773294927
0.5119060092449923
0.5300880313536328
0.5106967854250033
0.5000521303258145
0.49579691485777544
0.5113777777777778
0.49993818148179436
0.5156806944159
0.5160707270727073
0.5089033600424986
0.5107295321637427
0.5059603657923827
0.49794368633480685
0.5094060606060605
0.5243379057350751
0.53
0.5010038588333554
0.5435494724148328
0.49468884120171674
0.47288699648662463
0.46650522445820436
0.49787859568197834
0.5222415793623972
0.5033590452907875
0.5019566917293233
0.5043695677530156
0.5018588948203723
0.49009231730619013
0.5301981549106284
0.5384431275044658
0.49874608590927333
0.5084904110803503
0.4973011422887487
0.48454853341154064
0.512996155861611
0.48122126780471897
0.49613249324932496
0.5336492810080314
0.5020930460924263
0.4898456140350877
0.5179515862710207
0.5065136471042099
0.4666272149460709
0.4948331865294352
0.5208604304881621
0.49621751109073287
0.49264210950080517
0.504402117334979
0.5064031365202877
0.5053432753050103
0.49640982719434323
0.511616762830246
0.5153342995169082
0.48290639542132713
0.5213711644967844
0.47577537976991413
0.5160743276912444
0.49368280701754386
0.4701958525345622
0.5440757869133156
0.5177164912280703
0.47787131313131315
0.5497907572423248
