[[212 292]
 [174 322]]
[[205 309]
 [185 301]]
[[207 279]
 [197 317]]
[[201 298]
 [174 327]]
[[216 306]
 [189 289]]
[[207 307]
 [187 299]]
[[234 302]
 [160 304]]
[[218 270]
 [185 327]]
[[204 290]
 [180 326]]
[[197 290]
 [207 306]]
[[189 319]
 [193 299]]
[[208 327]
 [180 285]]
[[224 281]
 [167 328]]
[[233 273]
 [182 312]]
[[243 308]
 [169 280]]
[[194 309]
 [186 311]]
[[229 289]
 [186 296]]
[[213 319]
 [193 275]]
[[207 303]
 [195 295]]
[[204 310]
 [185 301]]
[[220 281]
 [166 333]]
[[202 309]
 [221 268]]
[[186 302]
 [208 304]]
[[221 289]
 [165 325]]
[[233 287]
 [179 301]]
[[188 303]
 [186 323]]
[[202 296]
 [184 318]]
[[210 307]
 [174 309]]
[[198 301]
 [178 323]]
[[192 294]
 [200 314]]
[[199 293]
 [190 318]]
[[221 301]
 [162 316]]
[[201 299]
 [192 308]]
[[204 296]
 [211 289]]
[[224 280]
 [162 334]]
[[202 293]
 [181 324]]
[[192 319]
 [187 302]]
[[202 320]
 [183 295]]
[[189 305]
 [199 307]]
[[193 318]
 [205 284]]
[[205 277]
 [186 332]]
[[210 289]
 [188 313]]
[[205 281]
 [180 334]]
[[190 306]
 [218 286]]
[[224 292]
 [182 302]]
[[215 323]
 [178 284]]
[[207 278]
 [196 319]]
[[195 300]
 [191 314]]
[[214 278]
 [182 326]]
[[219 286]
 [177 318]]
[[207 285]
 [171 337]]
[[223 275]
 [167 335]]
[[212 292]
 [198 298]]
[[209 280]
 [191 320]]
[[214 295]
 [157 334]]
[[223 278]
 [181 318]]
[[182 315]
 [208 295]]
[[205 293]
 [186 316]]
[[194 295]
 [203 308]]
[[199 294]
 [216 291]]
[[187 311]
 [205 297]]
[[188 308]
 [212 292]]
[[200 303]
 [202 295]]
[[191 274]
 [214 321]]
[[195 312]
 [212 281]]
[[218 291]
 [186 305]]
[[225 296]
 [172 307]]
[[217 290]
 [203 290]]
[[218 293]
 [180 309]]
[[190 296]
 [188 326]]
[[221 279]
 [176 324]]
[[188 293]
 [188 331]]
[[213 280]
 [176 331]]
[[206 294]
 [185 315]]
[[204 285]
 [196 315]]
[[200 312]
 [194 294]]
[[190 300]
 [216 294]]
[[218 271]
 [197 314]]
[[200 287]
 [184 329]]
[[196 293]
 [183 328]]
