0.5369255539990886
0.5099926019335855
0.522400757525417
0.5295871999999999
0.5105714285714286
0.5098377644871086
0.5511007019483674
0.5444223599386511
0.5302232142857142
0.5008586783174961
0.48937914908758195
0.5033482413583991
0.5559104481372759
0.5475582329317269
0.5387925335182616
0.506096349745331
0.529719905262074
0.4957701149425287
0.5043343483252634
0.508973321160052
0.5561743346103863
0.47115015712640995
0.4872205190062153
0.5513596394997553
0.5397919556171983
0.5094438246399344
0.5206048843057501
0.5250184659090908
0.5221030073649754
0.5034947636949516
0.5160843154001826
0.5460166390900127
0.5094319453701724
0.4927916795386675
0.5622877588563906
0.5262568818209901
0.49667747568607956
0.5031650723260479
0.4944608180041776
0.4784875123123925
0.5351018020401563
0.5237781682498873
0.5379271882588955
0.47446687864334924
0.5307637292464878
0.5104838546055142
0.524303361306117
0.5083220958296063
0.5400642183423641
0.5398928858117599
0.5446632981166744
0.56044237074401
0.5111269119470856
0.5280358333333333
0.5543228587712494
0.5427870456508738
0.4751874316939891
0.5215792187939644
0.49996547071527336
0.4886024096385543
0.48278672126745437
0.4784
0.49542434150318637
0.5079265483971366
0.47652537590480254
0.525925194365074
0.5391460664770187
0.5084500000000001
0.530892811232241
0.5136812126779973
0.5469942479040565
0.5158028846153846
0.5446055898922496
0.522047799629597
0.517665
0.49665095240488516
0.48173458725182866
0.5311526310369684
0.5276344696969697
0.5227867045662158
