0.5278772345379086
0.5000647245010013
0.5196538920943415
0.5205065052777902
0.5007495543752658
0.5004996853366898
0.5333851070244197
0.5407337375356612
0.5235973022466389
0.4984495774294393
0.480816762830246
0.4872270391149124
0.5466304347826088
0.5417084625145533
0.5205434259501257
0.49777758739383415
0.5217072438174968
0.48398482165443973
0.4972300696594427
0.49894111696956656
0.5471161035259225
0.4669082925222268
0.48426320080805135
0.5400811982401655
0.530561797752809
0.5031328664918133
0.5136787816863718
0.512603985663488
0.5135184761904761
0.5002492132906174
0.5109948297845794
0.5308304043997073
0.5033134355233064
0.4893102666767395
0.5521925700981881
0.5194254077692373
0.48656289098086847
0.49053536436640505
0.4896069511883466
0.4715770838312061
0.531561389653725
0.5179845601991528
0.5328919875650704
0.4715320715716039
0.5219081853999735
0.49396351630110963
0.5215914835699008
0.5025397554773143
0.5349912502430488
0.5319543142338055
0.5371259078425389
0.5525856503986
0.5060093249674593
0.5242889461049592
0.5404055194805195
0.5367317944448649
0.47059461666013325
0.5152399473918146
0.49670820381680314
0.4863089993706734
0.47790974795019736
0.4747515527950311
0.49011039632684983
0.5081281660054928
0.4714600223251166
0.5186093723392358
0.5272091624080316
0.5038521822793667
0.5220955270595803
0.5087570422535213
0.5401211452297423
0.5116270148261806
0.5383249485840849
0.5152405732507928
0.5141889237292683
0.4883374133846669
0.47944293478260863
0.5286444028163555
0.5226359183167083
0.5169659181579846
