0.5027239804909035
0.47170456137763195
0.46364876617784445
0.48199490293142605
0.4945396207183728
0.5212010230179028
0.4893877870456184
0.494474371115835
0.4667417032812938
0.4695952784721102
0.5127448275862069
0.5327126391423733
0.547075275115171
0.5006955972600647
0.5125491848110935
0.4401931034482759
0.4965216549959822
0.46105093243355477
0.4872069283456269
0.49587301684702073
0.47470611092781995
0.5061642534283306
0.4621124232961858
0.48332576648804004
0.4821780604133545
0.4440272122762148
0.48533604399103525
0.49868697223348935
0.48841254688032726
0.4832525978694203
0.4958890477412417
0.49070178562595834
0.4712614760293271
0.4830960087627534
0.48993364226135305
0.4670390459409075
0.498560160551933
0.49911189109418197
0.49936434108527133
0.49279985377706736
0.5164489835713938
0.48082756743032123
0.478293589614017
0.45101397889176154
0.5037680584809813
0.48682955903561614
0.4835962001431453
0.4575478896103896
0.48241375903722666
0.5038221583297539
0.5220788989575528
0.47266287160025294
0.48737590435447126
0.4591114306254492
0.4233883477162788
0.47526717208025615
0.4752072882927173
0.47449822823301496
0.46116025096398927
0.46465922729355896
0.48936601080590186
0.5085137175134836
0.5075466435312471
0.49019217808556403
0.4821250046541645
0.5272275862068966
0.5089397232512441
0.47228445858410273
0.5079288566636447
0.4540415153670116
0.45532435740514077
0.4982198628760482
0.46243272133822927
0.4616818611302639
0.4982401773447726
0.4652978206054635
0.5051864671184128
0.4973511062760388
0.4841284582988484
0.49168533333333336
