[[322 182]
 [307 189]]
[[318 196]
 [322 164]]
[[296 190]
 [337 177]]
[[315 184]
 [324 177]]
[[347 175]
 [317 161]]
[[340 174]
 [296 190]]
[[334 202]
 [300 164]]
[[315 173]
 [323 189]]
[[301 193]
 [331 175]]
[[300 187]
 [334 179]]
[[342 166]
 [310 182]]
[[352 183]
 [277 188]]
[[355 150]
 [293 202]]
[[322 184]
 [307 187]]
[[356 195]
 [284 165]]
[[307 196]
 [350 147]]
[[331 187]
 [307 175]]
[[313 219]
 [312 156]]
[[334 176]
 [324 166]]
[[327 187]
 [308 178]]
[[309 192]
 [324 175]]
[[330 181]
 [304 185]]
[[302 186]
 [341 171]]
[[320 190]
 [317 173]]
[[340 180]
 [324 156]]
[[304 187]
 [355 154]]
[[319 179]
 [325 177]]
[[331 186]
 [306 177]]
[[332 167]
 [331 170]]
[[320 166]
 [338 176]]
[[320 172]
 [322 186]]
[[337 185]
 [313 165]]
[[316 184]
 [333 167]]
[[327 173]
 [331 169]]
[[337 167]
 [329 167]]
[[312 183]
 [338 167]]
[[324 187]
 [306 183]]
[[328 194]
 [299 179]]
[[325 169]
 [321 185]]
[[328 183]
 [314 175]]
[[325 157]
 [317 201]]
[[315 184]
 [325 176]]
[[317 169]
 [340 174]]
[[296 200]
 [339 165]]
[[333 183]
 [304 180]]
[[332 206]
 [299 163]]
[[311 174]
 [332 183]]
[[293 202]
 [332 173]]
[[318 174]
 [332 176]]
[[327 178]
 [309 186]]
[[330 162]
 [307 201]]
[[298 200]
 [320 182]]
[[319 185]
 [318 178]]
[[308 181]
 [347 164]]
[[293 216]
 [349 142]]
[[315 186]
 [328 171]]
[[317 180]
 [333 170]]
[[316 182]
 [332 170]]
[[309 180]
 [346 165]]
[[318 175]
 [346 161]]
[[325 173]
 [326 176]]
[[313 183]
 [302 202]]
[[325 178]
 [306 191]]
[[296 169]
 [333 202]]
[[340 167]
 [335 158]]
[[349 160]
 [302 189]]
[[338 183]
 [299 180]]
[[320 187]
 [329 164]]
[[332 179]
 [304 185]]
[[304 182]
 [351 163]]
[[303 197]
 [337 163]]
[[302 179]
 [316 203]]
[[307 186]
 [340 167]]
[[309 191]
 [336 164]]
[[310 179]
 [315 196]]
[[311 201]
 [324 164]]
[[319 171]
 [315 195]]
[[309 180]
 [315 196]]
[[314 173]
 [332 181]]
[[313 176]
 [323 188]]
