0.5106887842337343
0.47679375000000007
0.4751571212727766
0.4916285747727361
0.5018338353413655
0.5284611928951551
0.49028480805364505
0.5082553559985452
0.47590031645569614
0.4813350830014997
0.5237766024962979
0.535029289635283
0.560721450617284
0.5080306909097142
0.5122854166666667
0.4480395738203957
0.5017539964322209
0.4611136
0.49671163724915124
0.5016979829576097
0.4825067603342072
0.5131500491286135
0.47444431956297295
0.4897271127141256
0.4891222030981068
0.4563717264672769
0.4962700118640519
0.504157608625141
0.5026062900850822
0.5008672034696671
0.5091666057536678
0.4959797802197802
0.48134320168218475
0.49555626655290713
0.503027027027027
0.47855714285714285
0.5046567567567567
0.5024605102813089
0.5129644400132934
0.5001079639395046
0.5348355174994344
0.4905348958333333
0.4952395063700627
0.4590419156509546
0.50974568288854
0.48714944661332515
0.4985716899512527
0.4650293333333333
0.496152967032967
0.5125857868546547
0.5361715167948934
0.479308697199207
0.49561323524959894
0.47285212966036066
0.4270548129970936
0.4844522655096254
0.48669736263736263
0.4852950336700337
0.47507985396614677
0.47904292168674706
0.5017751046439465
0.5168721359940872
0.516327642705904
0.5101173299508482
0.4950516239316239
0.5387737534056047
0.5139696407488616
0.4803321700270853
0.5152786474531758
0.4684097355902202
0.4631076388888889
0.5108554448567411
0.47378288111177763
0.47052079921388795
0.5096266666666667
0.4700248085427678
0.5182670528003309
0.5085213788870705
0.4990117804481293
0.5045787373004355
